23.82422
23.64893
23.82422
22.33902
23.03671
23.73654
23.35718
22.77484
23.35718
23.5614
23.35718
23.12408
22.65854
22.33902
22.77484
22.94937
22.86209
22.86209
22.77484
22.42612
22.25192
22.16486
22.33902
21.96185
21.84589
22.07782
21.84589
21.84589
21.59094
21.84589
21.26669
21.72998
21.52142
21.52142
21.151
21.26669
21.26669
21.03531
20.86185
20.86185
20.94858
20.77512
20.60175
21.38248
20.60175
20.77512
20.86185
20.51508
20.25513
20.60175
20.68842
20.34177
20.51508
20.60175
20.25513
20.42841
19.99527
20.08191
20.08191
20.25513
19.90872
19.99527
19.90872
19.73557
19.82214
19.82214
19.64896
19.82214
19.47586
19.56244
19.56244
19.47586
19.38934
19.64896
19.47586
19.21622
19.38934
19.64896
19.38934
19.21622
19.04315
19.21622
19.1297
19.38934
19.04315
19.04315
18.61051
18.84125
18.72586
18.61051
18.84125
18.61051
18.72586
18.84125
18.84125
18.84125
18.9566
19.04315
18.61051
18.52396
18.72586
18.61051
18.9566
18.9566
18.9566
18.61051
18.84125
18.84125
18.72586
18.9566
18.72586
18.9566
19.04315
18.72586
19.1297
18.84125
18.43741
19.04315
18.9566
18.9566
19.04315
19.04315
19.04315
18.84125
18.84125
18.9566
18.84125
19.04315
18.9566
18.9566
18.72586
19.21622
19.21622
18.9566
19.1297
18.9566
19.04315
19.1297
19.04315
19.1297
19.04315
19.04315
19.04315
19.1297
19.1297
18.9566
19.21622
19.21622
19.04315
19.04315
19.1297
19.04315
19.1297
19.04315
19.04315
19.1297
18.72586
18.9566
19.1297
18.9566
18.9566
18.9566
19.04315
19.1297
18.72586
18.52396
19.1297
18.84125
18.84125
19.04315
19.1297
18.9566
18.9566
19.04315
19.1297
19.1297
18.84125
18.9566
18.61051
19.04315
19.04315
18.9566
19.04315
18.84125
19.04315
19.21622
18.84125
19.1297
19.04315
19.1297
18.84125
19.04315
19.38934
19.1297
19.1297
19.30276
18.9566
19.1297
19.1297
19.73557
18.61051
18.61051
19.04315
19.04315
19.04315
19.04315
18.61051
18.72586
18.35086
18.9566
19.1297
18.35086
18.84125
18.52396
18.9566
18.43741
18.72586
18.9566
19.04315
18.72586
18.72586
18.9566
18.72586
19.21622
19.21622
19.38934
19.30276
19.30276
19.30276
