-2.400604
-2.833344
-2.61705
-2.746872
-2.616989
-2.616989
-2.530441
-2.270782
-2.314041
-2.357315
-2.790054
-3.352615
-2.357315
-2.487122
-2.011169
-2.790039
-2.443848
-2.443848
-2.054459
-3.049774
-1.881393
-1.881409
-2.054443
-1.665054
-1.362152
-1.535248
-1.145798
-1.448654
-0.9727173
-1.794922
-1.059265
-1.318832
-1.362091
-1.535187
-1.621719
-1.318863
-1.535156
-1.838058
-1.664963
-1.102463
-1.535126
-2.0112
-1.448654
-0.9726563
-1.448608
-2.920151
-0.5256653
-1.290085
-0.9871826
-0.6842804
-0.90065
-1.46315
0.0223999
-0.5689087
-0.1074219
-0.4246979
-0.467865
-0.9294128
-0.3669128
0.1378479
-0.5256042
-1.001541
-0.5688782
-0.3380585
-0.5111542
-1.693878
-0.3237
-1.506454
-0.4678955
-0.6409912
-1.174606
-0.5688324
-0.6121216
-0.5688477
-0.1073608
-0.2947998
0.2532196
-0.4679108
-0.338089
-0.4246368
-0.2515411
0.3397522
0.3974304
-0.006378174
-0.006378174
0.1090393
-0.3237
-0.6842194
-0.2948151
1.69548
0.6858978
0.2820892
0.3975067
-0.09291077
0.08018494
0.5849457
0.6426239
0.4984589
0.4118958
0.6282654
0.06576538
0.469574
0.8589935
-0.03523254
0.1811371
0.1811371
-0.1361847
