23.2406
22.16486
21.72998
21.59094
21.26669
21.45197
21.52142
21.38248
20.77512
20.60175
20.60175
20.60175
20.34177
20.34177
20.60175
20.16852
20.25513
19.99527
20.16852
19.90872
19.82214
19.82214
19.99527
19.56244
19.56244
19.47586
19.56244
19.47586
19.47586
19.47586
19.56244
19.30276
19.47586
19.38934
19.38934
19.38934
19.30276
19.38934
19.04315
19.30276
18.9566
18.9566
18.84125
18.52396
18.84125
18.52396
18.84125
18.84125
18.72586
18.84125
18.61051
18.35086
18.43741
18.43741
18.43741
18.43741
18.35086
18.35086
18.52396
18.14893
18.43741
18.14893
18.52396
18.14893
17.91809
18.14893
17.7449
18.26434
18.35086
18.26434
18.26434
17.91809
17.91809
18.26434
18.35086
17.65833
18.14893
18.43741
18.14893
18.26434
18.03351
17.83148
18.03351
18.03351
18.26434
17.7449
18.03351
18.14893
18.26434
18.14893
18.35086
18.35086
18.26434
18.26434
17.91809
18.14893
18.14893
17.91809
17.7449
17.7449
17.91809
18.03351
18.14893
18.03351
18.03351
18.03351
18.52396
18.35086
18.35086
18.26434
18.26434
18.35086
18.14893
17.7449
17.7449
17.57175
17.83148
17.65833
17.7449
17.7449
17.91809
18.14893
18.03351
18.03351
17.91809
17.7449
17.83148
18.03351
18.03351
18.26434
18.43741
18.14893
18.26434
18.03351
18.35086
18.43741
18.52396
18.35086
18.26434
17.7449
17.57175
17.65833
17.7449
17.83148
17.83148
17.83148
17.7449
18.03351
18.14893
18.14893
18.03351
18.14893
18.03351
18.14893
18.14893
18.03351
17.91809
18.14893
18.26434
18.43741
18.14893
18.43741
18.52396
18.43741
17.7449
17.83148
18.14893
17.83148
18.03351
17.7449
17.65833
17.65833
17.7449
17.7449
18.14893
17.91809
17.91809
18.03351
18.03351
17.91809
18.03351
18.03351
18.03351
17.91809
18.35086
18.26434
18.35086
18.14893
18.26434
18.26434
18.43741
18.35086
17.7449
18.03351
17.7449
17.91809
17.91809
17.91809
18.26434
18.35086
17.91809
17.91809
18.35086
17.65833
18.03351
17.91809
17.91809
18.03351
18.03351
18.35086
18.26434
18.43741
18.35086
17.83148
18.03351
18.03351
18.03351
18.14893
18.26434
18.26434
18.35086
18.14893
18.14893
17.83148
17.65833
17.45624
17.65833
17.65833
17.83148
17.91809
17.7449
17.7449
17.7449
17.7449
18.03351
18.03351
18.03351
18.14893
17.83148
18.26434
18.03351
18.35086
18.14893
18.14893
18.26434
18.61051
18.35086
18.43741
18.14893
17.83148
17.57175
17.65833
18.26434
18.03351
17.7449
17.7449
17.83148
17.83148
17.83148
18.26434
18.14893
17.91809
18.03351
18.14893
18.52396
18.26434
18.14893
18.35086
18.43741
18.61051
17.34073
18.14893
17.57175
17.7449
17.83148
18.14893
17.7449
17.83148
18.26434
18.03351
17.91809
17.83148
18.26434
17.83148
18.26434
18.14893
18.35086
18.26434
18.52396
18.35086
17.91809
18.26434
18.35086
17.91809
17.7449
17.83148
17.91809
18.03351
17.83148
18.14893
18.03351
18.03351
18.14893
18.03351
18.14893
18.35086
18.26434
18.14893
18.14893
18.26434
18.43741
18.35086
18.35086
18.03351
17.83148
17.7449
17.65833
18.43741
17.91809
17.91809
18.03351
17.83148
17.91809
18.26434
18.14893
18.03351
18.35086
18.43741
18.14893
17.91809
18.26434
18.43741
18.26434
17.83148
17.91809
18.03351
17.91809
18.03351
18.26434
18.26434
18.14893
