21.151
21.03531
21.03531
20.51508
20.51508
20.68842
20.60175
20.77512
20.42841
20.34177
20.42841
20.34177
20.42841
20.51508
20.34177
20.42841
20.25513
20.25513
20.42841
20.16852
20.16852
19.99527
20.16852
20.25513
20.25513
19.99527
20.16852
19.73557
19.90872
20.08191
19.90872
19.82214
19.64896
19.99527
19.73557
19.73557
19.56244
19.82214
19.56244
19.21622
19.64896
19.82214
19.73557
19.56244
19.64896
19.38934
19.64896
19.64896
19.47586
19.73557
19.21622
19.38934
19.21622
19.21622
19.30276
19.47586
19.1297
19.21622
18.72586
19.04315
19.1297
18.9566
19.21622
18.52396
19.1297
19.1297
19.1297
19.04315
19.1297
19.1297
19.21622
19.04315
19.04315
19.04315
19.1297
18.9566
19.21622
19.04315
19.1297
19.21622
19.21622
19.1297
19.30276
19.04315
19.1297
19.1297
19.04315
19.04315
19.04315
18.72586
18.84125
18.61051
18.52396
18.61051
18.72586
18.61051
18.61051
18.26434
18.52396
18.43741
18.52396
18.61051
18.61051
18.52396
18.52396
18.61051
18.9566
18.52396
18.72586
18.52396
18.72586
18.72586
18.84125
18.84125
18.9566
18.84125
18.84125
18.84125
19.04315
18.72586
