19.38934
19.30276
19.21622
19.04315
19.1297
18.9566
18.84125
18.72586
18.84125
18.61051
18.72586
18.84125
18.52396
18.84125
18.35086
18.52396
18.61051
18.26434
18.26434
18.35086
18.03351
18.14893
18.03351
17.91809
17.83148
18.03351
18.03351
18.03351
18.14893
18.03351
18.14893
18.14893
18.26434
17.83148
18.26434
18.14893
18.03351
18.14893
18.14893
18.03351
18.03351
18.14893
18.14893
17.91809
18.26434
18.14893
18.14893
18.35086
18.26434
18.35086
18.03351
18.14893
18.35086
18.26434
18.14893
18.35086
18.35086
18.52396
18.35086
18.35086
18.26434
18.14893
18.43741
18.35086
18.61051
18.52396
18.35086
18.43741
18.43741
18.9566
18.26434
18.14893
18.35086
18.61051
18.52396
18.35086
18.52396
18.61051
18.61051
18.52396
18.52396
18.61051
18.61051
18.52396
18.84125
18.52396
18.61051
18.72586
18.52396
18.61051
18.72586
18.52396
18.52396
18.72586
18.43741
18.84125
18.72586
18.72586
18.72586
18.61051
18.61051
18.52396
18.61051
19.04315
18.61051
18.61051
18.84125
18.72586
18.61051
18.61051
18.72586
18.84125
18.9566
18.61051
18.72586
18.84125
18.9566
19.04315
18.84125
18.61051
18.9566
18.72586
18.9566
19.1297
18.9566
19.04315
18.84125
19.1297
19.04315
19.1297
18.9566
18.9566
19.1297
19.04315
18.61051
18.9566
18.84125
19.04315
18.84125
19.21622
19.1297
19.04315
19.21622
19.30276
19.21622
19.21622
19.21622
18.9566
19.04315
19.21622
19.21622
19.21622
19.04315
19.1297
19.04315
19.04315
19.21622
19.1297
19.21622
19.21622
19.38934
19.21622
19.21622
19.1297
19.21622
19.04315
19.56244
19.30276
19.30276
19.30276
19.38934
19.38934
19.1297
19.1297
19.47586
19.56244
19.21622
19.30276
19.1297
19.47586
19.38934
19.38934
19.38934
19.30276
19.38934
19.38934
19.38934
19.38934
