18.49512
18.49512
18.49512
18.37973
18.37973
18.49512
18.26434
18.26434
18.26434
18.09122
18.26434
18.26434
18.26434
18.37973
18.37973
18.26434
18.61051
18.26434
18.37973
18.61051
18.49512
18.49512
18.49512
18.37973
18.69702
18.61051
18.49512
18.49512
18.69702
18.61051
18.61051
18.61051
18.37973
18.61051
18.49512
18.78357
18.69702
18.61051
18.69702
18.49512
18.61051
18.26434
18.49512
17.83148
17.83148
17.83148
18.00467
17.83148
17.91809
17.91809
18.09122
17.83148
17.65833
17.83148
17.83148
17.65833
17.91809
17.83148
17.91809
17.91809
17.91809
17.91809
17.83148
17.7449
17.91809
17.65833
17.91809
17.91809
17.91809
17.83148
18.00467
17.91809
17.7449