19.21622
19.47586
19.38934
19.38934
19.30276
19.30276
19.30276
19.21622
19.30276
19.30276
19.47586
19.64896
19.21622
19.30276
19.1297
19.47586
19.30276
19.30276
19.1297
19.56244
19.04315
19.1297
19.30276
19.1297
19.04315
19.1297
19.04315
19.21622
19.04315
19.38934
19.1297
19.21622
19.21622
19.30276
19.30276
19.1297
19.21622
19.30276
19.21622
18.9566
19.21622
19.38934
19.1297
18.9566
19.21622
19.82214
18.72586
19.1297
19.04315
18.9566
19.04315
19.30276
18.72586
19.04315
18.84125
19.04315
19.21622
19.30276
19.04315
18.84125
19.1297
19.30276
19.1297
18.9566
19.04315
19.47586
18.84125
19.38934
18.9566
19.04315
19.21622
18.9566
19.04315
19.04315
18.84125
18.9566
18.84125
19.1297
19.1297
19.1297
19.04315
18.84125
18.84125
19.04315
19.04315
18.9566
19.1297
19.21622
19.04315
18.26434
18.84125
19.04315
18.9566
19.1297
19.04315
18.84125
18.84125
18.9566
19.04315
18.9566
19.04315
18.84125
18.72586
19.1297
19.04315
19.04315
19.1297