-1.924667
-1.83812
-1.189087
-0.5832214
-0.4966736
0.08018494
0.3253632
-0.2659454
0.6570892
0.5272675
0.2965546
0.7580261
0.7003937
1.608917
0.9167175
1.493576
0.9167175
0.8013458
0.8446198
0.729248
0.9599609
0.5128784
0.4119263
0.1522827
0.6138153
0.6714935
0.3254089
0.1090393
0.8589935
0.3975067
0.6858978
0.9743652
1.133011
1.003189
1.147415
0.4262848
0.4984283
0.4551544
0.4551544
1.378128
0.6859283
0.4118805
0.2532349
0.59935
0.3109589
0.2532806
0.3398285
0.6714935
0.4840546
1.608948
0.5706024
0.8589935
0.9599457
0.7725067
0.2820892
0.411911
0.1522675
0.2820892
0.9743652
1.089737
0.7003174
1.334854
1.161835
1.219528
1.046432
1.479126
2.142532
1.940643
2.099289
1.810822
2.762726
2.531906
2.748276
2.632858
1.392548
2.257919
2.76268
2.257919
2.76268
2.647263
3.195374
2.979004
3.238647
3.065552
2.892456
3.368423
3.685745
3.29628
4.003067
3.440506
3.873245
3.656876
4.089615
4.132889
4.43573
4.176147
4.219421
4.940628
4.882874
4.709839
4.406921
4.580017
4.839661
4.406921
4.753113
4.926147
4.796387
4.190552
5.690796
4.565628
3.801224
4.854065
4.724304
4.291565
4.724304
4.507935
4.637772
4.637772
6.06604
4.810898