22.77484
21.96185
21.26669
20.94858
20.94858
21.151
21.26669
21.03531
21.03531
21.03531
21.03531
20.86185
20.77512
20.94858
20.77512
20.68842
20.68842
20.68842
20.68842
20.60175
20.68842
20.34177
20.42841
20.34177
20.16852
20.25513
20.60175
20.34177
20.16852
20.08191
20.08191
20.16852
19.90872
19.82214
19.73557
20.08191
19.64896
19.73557
19.90872
19.82214
19.56244
19.56244
19.73557
19.64896
19.47586
19.38934
19.47586
19.38934
19.30276
19.30276
19.04315
19.04315
19.04315
18.84125
18.9566
19.04315
19.1297
19.1297
18.9566
19.1297
18.84125
19.73557
19.1297
19.1297
19.04315
19.21622
19.21622
19.04315
19.04315
19.1297
18.52396
18.61051
18.61051
18.14893
18.72586
18.72586
18.84125
18.61051
18.72586
18.72586
18.72586
18.61051
18.84125
19.04315
18.84125
19.04315
19.04315
19.1297
19.04315
19.04315
19.04315
19.04315
19.04315
19.04315
19.1297
19.04315
19.1297
19.04315
19.04315
19.1297
19.21622
19.38934
19.21622
19.30276
19.47586
18.61051
17.65833
17.7449
18.03351
18.14893
17.91809
18.14893
18.03351
18.43741
18.43741
18.43741
18.52396
18.26434
18.52396
18.72586
18.35086
18.61051
18.61051
18.72586
18.72586
18.72586
18.72586
18.9566
19.04315
18.84125
19.1297
19.04315
18.9566
19.04315
19.04315
18.9566
19.21622
19.21622
19.1297
19.04315
18.9566
19.21622
19.1297
19.47586
19.30276
19.1297
18.43741
18.14893
17.7449
18.35086
18.14893
18.14893
18.26434
18.72586
18.61051
18.72586
18.72586
18.84125
18.72586
18.72586
18.9566
18.61051
19.04315
18.9566
18.72586
18.9566
19.04315
18.9566
19.04315
19.21622
19.1297
19.04315
19.30276
19.30276
19.1297
19.21622
19.30276
19.30276
18.72586
18.26434
18.26434
18.14893
18.03351
18.35086
18.52396
18.52396
18.52396
18.61051
18.61051
18.72586
18.61051
18.72586
18.84125
18.84125
18.84125
18.9566
18.84125
18.84125
18.9566
18.9566
18.84125
19.04315
19.1297
19.30276
18.9566
18.9566
18.9566
19.1297
19.04315
19.30276
18.84125
19.04315
19.38934
19.47586
19.56244
19.04315
18.43741
17.91809
17.83148
17.91809
17.7449
18.14893
18.03351
18.14893
18.26434
18.35086
18.61051
18.43741
18.26434
18.72586
18.72586
18.43741
18.61051
18.84125
18.61051
18.9566
18.72586
19.04315
18.84125
18.9566
18.9566
19.04315
18.9566
19.1297
19.21622
19.21622
19.38934
18.72586
19.1297
18.9566
19.38934
19.21622
19.56244
19.21622
18.14893
18.03351
17.65833
18.03351
18.26434
17.91809
18.26434
18.14893
18.03351
18.26434
18.35086
18.35086
18.52396
18.03351
18.61051
18.61051
18.61051
18.72586
18.84125
18.61051
18.72586
18.84125
18.84125
18.84125
18.84125
18.9566
19.04315
18.9566
19.1297
19.04315
19.1297
19.21622
19.21622
18.84125
19.38934
19.30276
19.21622
19.47586
19.04315
18.03351
17.91809
17.83148
17.91809
17.91809
18.03351
18.03351
17.83148
18.35086
18.72586
18.26434
18.43741
18.43741
18.72586
18.61051
18.52396
18.61051
18.72586
18.72586
18.72586
18.61051
18.72586
18.9566
19.30276
19.04315
18.84125
19.04315
19.04315
19.04315
19.1297
18.84125
19.1297
18.9566
19.1297
19.04315
19.1297
19.1297
19.21622
19.47586
19.04315
19.56244
19.21622
18.26434
17.7449
17.65833
18.03351
18.03351
17.83148
18.35086
18.35086
18.35086
18.35086
18.26434
18.52396
18.52396
18.43741
18.43741
18.72586
18.72586
18.72586
18.61051
18.84125
18.61051
18.72586
18.84125
18.9566
18.84125
