21.52142
21.59094
21.38248
20.34177
20.68842
20.34177
20.34177
20.08191
20.16852
20.08191
20.16852
20.08191
19.90872
19.82214
19.82214
19.73557
19.73557
19.47586
19.64896
19.38934
19.47586
19.47586
19.30276
19.1297
19.04315
19.1297
19.47586
19.21622
19.04315
19.21622
19.21622
19.1297
19.04315
19.1297
19.04315
19.21622
19.04315
19.04315
18.9566
18.84125
19.21622
18.9566
19.1297
18.9566
19.1297
19.1297
19.04315
19.04315
19.04315
19.04315
18.84125
18.9566
19.21622
19.30276
19.21622
19.30276
19.30276
19.47586
19.38934
19.1297
19.30276
19.38934
19.21622
19.04315
19.21622
18.84125
18.84125
18.84125
19.21622
18.84125
18.9566
18.84125
19.21622
18.9566
19.30276
18.84125
18.84125
18.9566
19.04315
19.1297
18.9566
19.04315
19.04315
19.1297
19.04315
19.1297
19.04315
18.9566
18.9566
18.9566
19.1297
19.04315
19.04315
19.1297
19.21622
19.04315
19.21622
19.47586
19.30276
19.38934
19.1297
18.9566
19.47586
19.30276
19.04315
19.30276
19.1297
18.9566
18.84125
18.9566
19.1297
18.9566
19.1297
18.9566
19.04315
19.04315
18.9566
19.04315
18.72586
19.04315
19.1297
19.04315
18.9566
18.9566
18.9566
18.9566
18.61051
19.04315
19.1297
19.04315
19.1297
19.1297
19.21622
19.04315
19.30276
19.04315
19.30276
19.1297
19.38934
19.21622
19.30276
19.30276
19.21622
19.30276
19.1297
19.21622
18.84125
18.84125
18.9566
18.72586
18.61051
18.9566
18.9566
18.9566
19.04315
18.9566
18.84125
19.1297
18.9566
19.04315
19.1297
19.04315
19.04315
19.04315
18.9566
19.1297
19.21622
19.47586
19.04315
19.04315
18.9566
18.9566
19.04315
19.1297
19.38934
19.21622
19.1297
19.04315
18.9566
19.38934
19.1297
19.21622
19.30276
19.1297
19.1297
19.04315
19.04315
19.1297
19.1297
19.38934
19.04315
18.9566
18.9566
19.1297
19.1297
19.04315
19.1297
19.1297
18.9566
19.1297
18.9566
19.38934
19.38934
19.04315
19.04315
19.1297
18.9566
19.21622
19.04315
19.1297
19.21622
19.30276
18.9566
19.1297
19.21622
18.9566
19.30276
19.30276
18.72586
18.72586
19.1297
19.21622
19.1297
18.9566
19.04315
19.04315
19.21622
18.9566
19.04315
18.9566
19.1297
19.04315
19.04315
19.04315
19.21622
19.04315
19.04315
19.04315
19.21622
19.21622
19.21622
19.1297
19.82214
19.04315
19.1297
19.30276
19.1297
18.84125
18.9566
18.84125
18.9566
19.1297
19.04315
18.9566
19.1297
19.04315
19.1297
19.1297
18.9566
19.21622
19.30276
18.72586
19.30276
18.9566
19.30276
19.1297
19.30276
19.04315
19.21622
19.30276
19.04315
18.9566
18.9566
18.84125
18.9566
19.04315
18.84125
19.21622
18.9566
19.1297
19.1297
19.1297
19.21622
19.1297
19.1297
19.1297
19.1297
19.04315
19.1297
19.56244
19.1297
19.30276
19.30276
19.30276
19.1297
19.04315
18.9566
19.1297
19.21622
19.04315
19.04315
18.9566
19.04315
19.04315
19.04315
19.38934
19.1297
18.84125
19.1297
18.9566
18.9566
19.1297
19.1297
19.1297
19.1297
18.84125
19.1297
19.04315
19.21622
19.04315
19.1297
19.21622
19.21622
19.30276
19.38934
19.38934
19.47586
19.30276
19.30276
19.1297
18.61051
19.04315
18.9566
19.30276
18.72586
18.72586
18.61051
18.84125
18.61051
18.84125
18.84125
18.52396
18.61051
18.72586
19.04315
18.9566
18.9566
19.21622
19.04315
18.72586
18.84125
19.04315
18.84125
18.9566
18.52396
18.9566
18.84125
18.9566
18.9566
19.1297
