19.30276
19.04315
18.9566
18.9566
18.72586
18.72586
19.04315
18.72586
18.84125
18.9566
18.84125
18.9566
18.61051
18.9566
18.72586
18.9566
18.9566
18.9566
18.9566
18.84125
19.04315
19.04315
19.1297
18.84125
18.84125
18.9566
19.04315
18.72586
18.9566
18.84125
18.72586
18.72586
18.84125
18.84125
19.1297
19.04315
19.04315
19.04315
18.61051
18.9566
19.04315
19.04315
18.84125
18.9566
18.9566
18.9566
18.84125
18.9566
18.52396
18.9566
18.84125
18.84125
18.9566
19.1297
19.04315
19.1297
19.04315
18.72586
18.72586
18.84125
18.61051
18.72586
18.72586
18.84125
18.72586
18.52396
18.72586
18.72586
18.84125
18.43741
18.61051
18.52396
18.61051
19.1297
18.72586
18.52396
18.72586
18.52396
18.61051
18.43741
18.52396
18.43741
18.52396
18.61051
18.52396
18.43741
18.61051
18.35086
18.61051
18.43741
18.52396
18.35086
18.35086
18.26434
18.43741
18.43741
18.14893
18.26434
18.35086
18.52396
18.43741
18.35086
18.52396
18.35086
18.26434
18.35086
18.61051
17.91809
18.43741
18.72586
18.26434
18.35086
18.52396
18.35086
18.43741
18.35086
18.35086
17.83148
18.35086